%YAML:1.0
rgb_intrinsics: !!opencv-matrix
   rows: 3
   cols: 3
   dt: d
   data: [ 5.3131926096980806e+02, 0., 3.2276462671043367e+02, 0.,
       5.3298722236511264e+02, 2.5698766693255737e+02, 0., 0., 1. ]
rgb_distortion: !!opencv-matrix
   rows: 1
   cols: 5
   dt: d
   data: [ 2.8341779650479582e-01, -9.4323095764630371e-01,
       2.4521576966750601e-04, -1.6601900334707086e-03,
       1.1745082095029651e+00 ]
depth_intrinsics: !!opencv-matrix
   rows: 3
   cols: 3
   dt: d
   data: [ 5.9579635467346725e+02, 0., 3.0916194775161892e+02, 0.,
       5.9756330397956117e+02, 2.4633385527347716e+02, 0., 0., 1. ]
depth_distortion: !!opencv-matrix
   rows: 1
   cols: 5
   dt: d
   data: [ -1.6401645039300469e-01, 9.2428544478958263e-01,
       -3.5802748333602498e-03, -3.2248473922342875e-03,
       -1.4957285771211948e+00 ]
R: !!opencv-matrix
   rows: 3
   cols: 3
   dt: d
   data: [ 9.9995189330773315e-01, -9.5819135965642833e-03,
       -2.0971414134276002e-03, 9.5978882386443063e-03,
       9.9992394749677116e-01, 7.7446603432944619e-03,
       2.0227732543292901e-03, -7.7644159022093292e-03,
       9.9996781059895079e-01 ]
T: !!opencv-matrix
   rows: 3
   cols: 1
   dt: d
   data: [ 2.5233305111871118e-02, 2.3073883621722483e-04,
       -1.7735979858942413e-03 ]
rgb_size: !!opencv-matrix
   rows: 1
   cols: 2
   dt: i
   data: [ 640, 480 ]
raw_rgb_size: !!opencv-matrix
   rows: 1
   cols: 2
   dt: i
   data: [ 640, 480 ]
depth_size: !!opencv-matrix
   rows: 1
   cols: 2
   dt: i
   data: [ 640, 480 ]
raw_depth_size: !!opencv-matrix
   rows: 1
   cols: 2
   dt: i
   data: [ 640, 480 ]
depth_base_and_offset: !!opencv-matrix
   rows: 1
   cols: 2
   dt: f
   data: [ 8.66920128e-02, 1.13534399e+03 ]
