%YAML:1.0
proj_intrinsics: !!opencv-matrix
   rows: 3
   cols: 3
   dt: d
   data: [ 1.7518773096637117e+03, 0., 6.3716175004905642e+02, 0.,
       1.7408285657402821e+03, 6.1046770962971777e+02, 0., 0., 1. ]
proj_distortion: !!opencv-matrix
   rows: 1
   cols: 5
   dt: d
   data: [ 0., 0., 0., 0., 0. ]
R: !!opencv-matrix
   rows: 3
   cols: 3
   dt: d
   data: [ 9.9876287560152277e-01, -1.1633237279197515e-02,
       -4.8346521183877077e-02, 1.7205322100600759e-02,
       9.9304320706774463e-01, 1.1648676228663668e-01,
       4.6655066301440021e-02, -1.1717447114032437e-01,
       9.9201484268200013e-01 ]
T: !!opencv-matrix
   rows: 3
   cols: 1
   dt: d
   data: [ 6.4239357117543069e-03, 1.0115967264257548e-01,
       1.4272504505980955e-02 ]
proj_size: !!opencv-matrix
   rows: 1
   cols: 2
   dt: i
   data: [ 1280, 800 ]
