%YAML:1.0
proj_intrinsics: !!opencv-matrix
   rows: 3
   cols: 3
   dt: d
   data: [ 1.6455708061304360e+03, 0., 6.5740126553689959e+02, 0.,
       1.6484948278603097e+03, 6.6866505222322928e+02, 0., 0., 1. ]
proj_distortion: !!opencv-matrix
   rows: 1
   cols: 5
   dt: d
   data: [ 0., 0., 0., 0., 0. ]
R: !!opencv-matrix
   rows: 3
   cols: 3
   dt: d
   data: [ 9.9981100760841990e-01, -7.9790763914014008e-03,
       1.7728040077130337e-02, 6.3384748036389013e-03,
       9.9585405294816987e-01, 9.0744305407377296e-02,
       -1.8378596306567966e-02, -9.0614786688729271e-02,
       9.9571641928370158e-01 ]
T: !!opencv-matrix
   rows: 3
   cols: 1
   dt: d
   data: [ 1.0201055121917962e-03, 1.0193827192608067e-01,
       9.6420092540323216e-02 ]
proj_size: !!opencv-matrix
   rows: 1
   cols: 2
   dt: i
   data: [ 1280, 800 ]
