%YAML:1.0
proj_intrinsics: !!opencv-matrix
   rows: 3
   cols: 3
   dt: d
   data: [ 1.2990947565092333e+03, 0., 8.0059419497433316e+02, 0.,
       1.7147894824760490e+03, 4.7975122405201415e+02, 0., 0., 1. ]
proj_distortion: !!opencv-matrix
   rows: 1
   cols: 5
   dt: d
   data: [ -3.1681742454854761e-01, 5.3328998494618762e+00,
       -7.1567881205760247e-03, -9.2876666051471393e-02,
       -6.1447246102892144e+01 ]
R: !!opencv-matrix
   rows: 3
   cols: 3
   dt: d
   data: [ -9.9227850998617440e-01, 1.4518820315040520e-02,
       -1.2317695594662524e-01, 5.7089743052470389e-03,
       -9.8672579049965792e-01, -1.6229486121010481e-01,
       -1.2389820915573929e-01, -1.6174491713647365e-01,
       9.7902390958980978e-01 ]
T: !!opencv-matrix
   rows: 3
   cols: 1
   dt: d
   data: [ -3.3579160132219676e-02, 1.1110373159014597e-01,
       1.9737463497019470e-01 ]
proj_size: !!opencv-matrix
   rows: 1
   cols: 2
   dt: i
   data: [ 1280, 800 ]
