%YAML:1.0
proj_intrinsics: !!opencv-matrix
   rows: 3
   cols: 3
   dt: d
   data: [ 1.5152341009892316e+03, 0., 4.4574586189207810e+02, 0.,
       1.5127001242696231e+03, 7.5701494538219902e+02, 0., 0., 1. ]
proj_distortion: !!opencv-matrix
   rows: 1
   cols: 5
   dt: d
   data: [ 0., 0., 0., 0., 0. ]
R: !!opencv-matrix
   rows: 3
   cols: 3
   dt: d
   data: [ 9.9920246933953660e-01, -3.7451381665902159e-02,
       -1.3849883648884799e-02, 3.9195682086452098e-02,
       9.8615583789779770e-01, 1.6112219550971324e-01,
       7.6238947756705937e-03, -1.6153655125514904e-01,
       9.8683728083055411e-01 ]
T: !!opencv-matrix
   rows: 3
   cols: 1
   dt: d
   data: [ -3.1677637914601500e-02, 8.8394971039663317e-02,
       -7.2066791411886696e-02 ]
proj_size: !!opencv-matrix
   rows: 1
   cols: 2
   dt: i
   data: [ 1024, 768 ]
