%YAML:1.0
proj_intrinsics: !!opencv-matrix
   rows: 3
   cols: 3
   dt: d
   data: [ 1.4227088073040336e+03, 0., 5.0919596857077465e+02, 0.,
       1.4208154395323693e+03, 8.1607909655235403e+02, 0., 0., 1. ]
proj_distortion: !!opencv-matrix
   rows: 1
   cols: 5
   dt: d
   data: [ 0., 0., 0., 0., 0. ]
R: !!opencv-matrix
   rows: 3
   cols: 3
   dt: d
   data: [ 9.9947926255213981e-01, -7.5660580683494186e-03,
       3.1368112686887016e-02, 9.5618612228881594e-04,
       9.7863920216875722e-01, 2.0558306760674105e-01,
       -3.2253518200816796e-02, -2.0544601905075865e-01,
       9.7813682264796931e-01 ]
T: !!opencv-matrix
   rows: 3
   cols: 1
   dt: d
   data: [ -7.7969674455068638e-02, 8.3967601588165436e-02,
       3.7849784095373099e-03 ]
proj_size: !!opencv-matrix
   rows: 1
   cols: 2
   dt: i
   data: [ 1024, 768 ]
