%YAML:1.0
proj_intrinsics: !!opencv-matrix
   rows: 3
   cols: 3
   dt: d
   data: [ 1.4036195446237848e+03, 0., 5.2713483837741012e+02, 0.,
       1.3998619573122030e+03, 7.7886478000166096e+02, 0., 0., 1. ]
proj_distortion: !!opencv-matrix
   rows: 1
   cols: 5
   dt: d
   data: [ 0., 0., 0., 0., 0. ]
R: !!opencv-matrix
   rows: 3
   cols: 3
   dt: d
   data: [ 9.9999687297817286e-01, -6.4960911594646336e-04,
       -2.4149620850954703e-03, 1.2429759122214333e-03,
       9.6705492037515506e-01, 2.5456479723065450e-01,
       2.1700333540309175e-03, -2.5456700294067780e-01,
       9.6705270382179442e-01 ]
T: !!opencv-matrix
   rows: 3
   cols: 1
   dt: d
   data: [ -1.0536869947605793e-01, 8.1490447719949871e-02,
       2.9455761979362217e-02 ]
proj_size: !!opencv-matrix
   rows: 1
   cols: 2
   dt: i
   data: [ 1024, 768 ]
