%YAML:1.0
proj_intrinsics: !!opencv-matrix
   rows: 3
   cols: 3
   dt: d
   data: [ 1.4118349711233793e+03, 0., 5.2739701442452554e+02, 0.,
       1.4080313587487894e+03, 7.8043309966070456e+02, 0., 0., 1. ]
proj_distortion: !!opencv-matrix
   rows: 1
   cols: 5
   dt: d
   data: [ 0., 0., 0., 0., 0. ]
R: !!opencv-matrix
   rows: 3
   cols: 3
   dt: d
   data: [ 9.9995034655084969e-01, 9.4184830422407162e-03,
       -3.2552434653298147e-03, -8.2980119141079327e-03,
       9.6786186850481559e-01, 2.5134547239335803e-01,
       5.5179190922730308e-03, -2.5130598017466677e-01,
       9.6789196550924061e-01 ]
T: !!opencv-matrix
   rows: 3
   cols: 1
   dt: d
   data: [ -8.0430846810126244e-02, 8.1623911720638223e-02,
       2.2770939112665069e-02 ]
proj_size: !!opencv-matrix
   rows: 1
   cols: 2
   dt: i
   data: [ 1024, 768 ]
