%YAML:1.0
proj_intrinsics: !!opencv-matrix
   rows: 3
   cols: 3
   dt: d
   data: [ 1.6746276377167364e+03, 0., 5.9718467266920436e+02, 0.,
       1.6685296742861324e+03, 9.8925503657258091e+01, 0., 0., 1. ]
proj_distortion: !!opencv-matrix
   rows: 1
   cols: 5
   dt: d
   data: [ 0., 0., 0., 0., 0. ]
R: !!opencv-matrix
   rows: 3
   cols: 3
   dt: d
   data: [ 9.9997678973133197e-01, 5.9451992963097649e-03,
       -3.3278527531062849e-03, -6.5488107146271920e-03,
       9.7346562929059666e-01, -2.2873954985547745e-01,
       1.8796480636500421e-03, 2.2875603422683657e-01,
       9.7348196887665417e-01 ]
T: !!opencv-matrix
   rows: 3
   cols: 1
   dt: d
   data: [ 1.7321045734712798e-02, 8.4953662904891175e-02,
       4.2560918063563741e-02 ]
proj_size: !!opencv-matrix
   rows: 1
   cols: 2
   dt: i
   data: [ 1280, 800 ]
